[gd_scene load_steps=3 format=2]

[ext_resource path="res://crate.tscn" type="PackedScene" id=1]

[sub_resource type="CubeMesh" id=1]

[node name="Spatial" type="Spatial"]
transform = Transform( -0.384698, 0, 0.923042, 0, 1, 0, -0.923042, 0, -0.384698, 0.153128, -0.0935085, 0.033395 )

[node name="MeshInstance" type="MeshInstance" parent="."]
transform = Transform( -0.381732, 0, -0.924273, 0, 1, 0, 0.924273, 0, -0.381732, -0.5, -0.25, 0.5 )
mesh = SubResource( 1 )
material/0 = null

[node name="Camera" type="Camera" parent="."]
transform = Transform( -0.932046, 0, 0.362341, 0, 1, 0, -0.362341, 0, -0.932046, 0.169034, 1.04136, -0.0151449 )
current = true

[node name="crate" parent="." instance=ExtResource( 1 )]
transform = Transform( -0.381732, 0, -0.924273, 0, 1, 0, 0.924273, 0, -0.381732, 16.8593, 0.0170816, -3.97315 )
